$ANSIBLE_VAULT;1.1;AES256
39393562383361363837363261616239326366633865323166613037326535636264626130353430
3964396365623332653534613361633937633331656134650a343237643532623862613462623664
35303030373233646664323366346133626632363864623334633937373936666662633835353764
3330323235386236360a636531643562363464643435643837336363636337333731613430646238
66303732623138616166633633333730396265316436613233623866366639383335613234303033
61373661636435353733613164346365323361656131303431363231363131653865656533633939
30383833343236373032616262343332386531323462333138313837323032356331613633313464
66653465343136633435666133316634383831646533656232663739333831666263643965656239
33383938313239346230653131346537653539356366643964326361313433383139306637663861
30376239663038376230616534663534316635313230616637613532373432376335623363616533
34303133376461313134316338633666323337383065636239343230616633643236383261653731
61636636346364643331366632316563656462653539373730396539396432373265333430303936
65353533663439326130356266356165323139643962623030656634346638656536663038376566
66323034326234613965356638393237313662353534623834393263396339383565376535616663
35366135306531636636663365303163666430656639656437393333323664373231376161626662
37333966633961383131616430383538363761653834313264356138633938313132643634306562
37396563323233306636623439653231353764376232353664336134323235653032663235666663
36366236323531376138666461633131333262373131646366646330373434373834643139663161
31613139633733326362663732623834643264323531333361323938376564393663666161343666
36653030656535323130653637393437326664323536363366353133396134636136643330333264
33636466376564323633666639383664636463363336383863366635343836383266343932313765
34643364653565323962393331363639356433393334666631313535396331623138646665373438
31326662653361636330393861333963313161303766653765303262623166366331333835663135
38393562353361376637346164326434336532316630343134316265346333316166336465323232
6163
