$ANSIBLE_VAULT;1.1;AES256
63336331613166626230646531316438636337373632626363326131623139356237393839373563
6433383366363834336166386432623831623463353666660a306432303663343336373165633663
39623930383435623462306630633332653631373331626637393263666362323032616361343939
6637613633343433360a346332366332346361396665353039636665336136613431353534626333
37316633356437356365613962343137333937376263323962343332653436613739343536646465
61333932343061613438386665396232323631303265636661353764653130363138386330306634
62303035376233396138373134393436333539666131356235636263373762343464653433353532
64393639323038623231626266633062613139363935323938313834346465393465303764623939
36383932326534613539663466323161653238656437613536626436613263616334333266656536
30376238346361383633363961623430646232393236306161663131653134356538633735636130
64613739653336626261313966623532393962386534363433613130326661633665313433363833
31313531653234393164383337356536313433646363383631633838343730373130636338333766
38646336663730643039613561303134363765303933376263643038653833613333353462383964
35333439303231386461656633343235613339363763306436656265656231356537386164333337
62393233616466353566613039653334353433626366373432633561343138333338356437396663
65613662653961356464306135626466353939353732633164653835326338653633663366323366
63373035343436383032663633316539383565316666326334346162376434383831386136343862
64316164336436646366663166663930646362346231333562343933303761663834333237633534
35303637316264316132653938393430366163393963303239333832326534323666313334663336
33323036663032623461353766616339343934303237303037323365333764386364343064373435
38633163373763313738653163613332623662626134633364663366653162363936636331646138
34353639633334663663373432613738353438333139613165383532393733666336653438323739
35666366396265376438373865363462323865393961623837366332326438643939633962633435
36633561323732346365636361303833613039653834613533393031363930316135366530306231
31373632333861643661656639333338393065353732613236653238663364656337
