$ANSIBLE_VAULT;1.1;AES256
31656135363435313961396161393731643361653766376232346333666563666533656136613965
6138366330396532646233633563643965353037376332360a383162313336643061663963386264
62343532306265393465616139343933643835646461303138363165383066656666643263383839
3664383664303661320a383735376433613238346266313631666537303231656264366461616538
66613938393266663665353162323339386633613439346138393463373130313831626535396164
39346334396439393061646464616362383232663737383631613762343665376266346231323930
63376231333039303661616236323666393062386362346331636535616635356638303738616438
62356466346365653838343061616238356261343861366532376233343762666239653932323831
63663933636433386262343033633732313962313337333436373731663866373865633465646637
32613161396264653735316637303065373238363864376339386363613131396431636230383334
32373936653634636562303466663431613337646333353930653364396135396639383331636166
66356462373934313433316339303232303636393862393566353264356165313433363239643433
62336333633866636231666237626330396437663830656635623465353233653766386466616639
31393333663263383634373031363863623939336165376531383361633664376266336566313234
33366566373539363337616339343030653036366331363933373538663032336666326237636137
34393738373939643565663738376663646439313765613134363965363133656432396331643663
32616233656435343530396665616635353663383034323666636433373062653637316161393736
39363761336363303836613739363761666239323737356538383735383064663432346564383237
31396330333630303264393239646162343566666136303062303534303664363061383764643362
33326263663932346530333164313237303431343761636232393435653339306462663735353231
34393736656262343233336434353830316562363130393233376538353131303661666134353237
31396135363664616366336230346134663739356336666337303432323239363763363334323263
34396436663837306630366234303038636261666335633262626130396166363466616430616237
31323134646364666532343536666339636631323237646136336135373430353335333661316336
6139
